Makefile
  s_6e03fa3fb4523e::t_8983686726e96c 25
patches/README.md
  s_6e03fa3fb4523e::t_8983686726e96c 3-31
patches/0002-wasmjit-cohort-and-pbl-work.patch
  s_6e03fa3fb4523e::t_f7b5ce9e7d72b1 2,30,71,113,164,175,186,360-361,367-368,375,421,447,595,626,672,752,937,2152,2161,2239,2269,2309,2320,2355,2365,2423,2450,2462,2484,2507,2596,2605,2614,2623,2631,2639,2651,2681,2695,2703,2742,2793,2802,2812,2832,2843,2981,2998,3016,3025,3038,3052,3071,3097,3121-3131,3138,3147,3167,3193,3208,3260,3302,3311,3321,3329,3340,3350,3363-3366,3379,3382,3393,3401,3410,3422,3671-3690,3710,3713,3722,3731,3744,3793,3806,3822-3827,4029-4030,4120-4139,4229,4242,4255,4278,4774
patches/0003-wasmjit-storm-and-callback-fixes.patch
  s_6e03fa3fb4523e::t_434b4f37af7623 2,15,101,104,1076,1103,1121,1157-1160,1183-1185,1229,1238,1250,1372,1480,1620,1701,1709,1748,1758,1775,1923,1945,2026,2060,2114,2127,2210,2219,2228,2237,2247,2276,2286,2289,2320,2338,2372,2383,2394,2597,2624,2670,2788,2819,3102,3114,3144,3169,3177,3185,3280,3294,3330,3339,3348,3371,3382,3558,3646,3683,3700,3728-3729,3732
patches/0005-wasmjit-depth-limit-calibration.patch
  s_6e03fa3fb4523e::t_70d8125af22cb3 2,5,9-15,17,34,53-54,56,59,72,75
patches/0007-wasmjit-depth-suspend.patch
  s_6e03fa3fb4523e::t_5b7a6b2142cd7a 2,5,19,35,65,77,86,90-100,106,109,122,175,196,210,213,227,230,240,250,265,307,323,333,344,352,380,399,407,415
patches/0008-wasmjit-fresh-script-family.patch
  s_6e03fa3fb4523e::t_2dce712ff5ce99 2,38,97,115,128,141,145-158,179-197,200,208,227,230,242,261,269,413,476,484,511,566,576,585,594,607,615,627,660,678
---
{
  "schema_version": "authorship/3.0.0",
  "git_ai_version": "1.7.5",
  "base_commit_sha": "3c220591a49c26792ecaab4e29cf25132e7f4a38",
  "prompts": {},
  "sessions": {
    "s_6e03fa3fb4523e": {
      "agent_id": {
        "tool": "codex",
        "id": "01a109cd-9be4-7f61-9408-b31918c847cd",
        "model": "gpt-6-astra"
      },
      "human_author": "Eric Butler <eric@codebutler.com>"
    }
  }
}